    54955.6628767465        0.9999393345        0.0001181146
    54955.6833113518        1.0002404205        0.0001199513
    54955.7037458571        0.9999806885        0.0001182388
    54955.7241802624        0.9999569743        0.0001197076
    54955.7446148678        1.0000479801        0.0001186789
    54955.7650493733        0.9999490374        0.0001192193
    54955.7854837787        1.0000533076        0.0001192789
    54955.8059182842        0.9992868439        0.0001175329
    54955.8263528898        0.9941653345        0.0001202523
    54955.8467873953        0.9931859812        0.0001176654
    54955.8672219009        0.9928637040        0.0001195721
    54955.8876564066        0.9926860503        0.0001188019
    54955.9080909123        0.9924465147        0.0001195504
    54955.9285254180        0.9926780442        0.0001208170
    54955.9489598237        0.9929711961        0.0001200222
    54955.9693944295        0.9936765125        0.0001208625
    54955.9898289354        0.9980035378        0.0001202944
    54956.0102633412        1.0000210620        0.0001199732
    54956.0306979471        0.9997803879        0.0001193017
    54956.0511324531        1.0000636060        0.0001199208
    54956.0715669590        1.0001563526        0.0001203960
    54956.0920013650        0.9999387504        0.0001206345
    54956.1124359711        1.0001969899        0.0001196693
    54956.1328704772        0.9999126618        0.0001202281
    54956.1533048832        0.9999703273        0.0001194151
       -1.0000000000       -1.0000000000       -1.0000000000
    54959.2184808410        1.0002604760        0.0001185228
    54959.2389152512        0.9998461422        0.0001187288
    54959.2797843718        0.9997282517        0.0001194867
    54959.3002187822        1.0000094571        0.0001188066
    54959.3206532925        0.9999556682        0.0001184808
    54959.3410879029        0.9997786057        0.0001182944
    54959.3615223132        0.9973029702        0.0001191880
    54959.3819568236        0.9937333762        0.0001179578
    54959.4023914341        0.9928693562        0.0001185823
    54959.4228259445        0.9927655309        0.0001177156
    54959.4432603549        0.9925589223        0.0001181175
    54959.4636948654        0.9924131795        0.0001184921
    54959.4841294759        0.9928666162        0.0001201885
    54959.5045638864        0.9933812729        0.0001200877
    54959.5249983970        0.9944681414        0.0001175309
    54959.5454328075        0.9993339184        0.0001186548
    54959.5658674181        1.0000987068        0.0001183817
    54959.5863019286        1.0001230952        0.0001170386
    54959.6067364393        1.0000577451        0.0001192883
    54959.6271709499        1.0000422301        0.0001188416
    54959.6476054605        0.9999515343        0.0001193333
    54959.6680399712        1.0001417418        0.0001181424
    54959.6884743818        1.0001034609        0.0001188945
    54959.7089089925        1.0000782640        0.0001188996
       -1.0000000000       -1.0000000000       -1.0000000000
    54962.7536508225        1.0000212692        0.0001212441
    54962.7740853347        1.0000406885        0.0001206683
    54962.7945199468        1.0005698943        0.0001216381
    54962.8149543590        0.9999566603        0.0001210784
    54962.8353888711        0.9999584650        0.0001197525
    54962.8558233833        1.0000438010        0.0001194062
    54962.8762578954        0.9998317897        0.0001194037
    54962.8966924076        0.9997623338        0.0001204566
    54962.9171269197        0.9953968107        0.0001211435
    54962.9375614319        0.9933218621        0.0001198522
    54962.9579959440        0.9929444862        0.0001207567
    54962.9784304562        0.9928627148        0.0001204883
    54962.9988648684        0.9929995450        0.0001193119
    54963.0192994805        0.9929523884        0.0001192716
    54963.0397339927        0.9929765950        0.0001205137
    54963.0601684049        0.9936703728        0.0001198202
    54963.0806029170        0.9963215137        0.0001199416
    54963.1010375292        1.0001413749        0.0001190041
    54963.1214719414        0.9999428460        0.0001189628
    54963.1419064535        1.0000665536        0.0001188017
    54963.1623410657        0.9999127653        0.0001170554
    54963.1827755779        1.0000723134        0.0001187841
    54963.2032099900        0.9999063394        0.0001170683
    54963.2236445022        1.0000349905        0.0001159172
    54963.2440791144        1.0000077078        0.0001182813
       -1.0000000000       -1.0000000000       -1.0000000000
    54966.3092551382        0.9997107162        0.0001211418
    54966.3296895492        1.0000479489        0.0001212514
    54966.3501241601        0.9999927047        0.0001211122
    54966.3705586711        0.9998753725        0.0001211293
    54966.3909931820        0.9999004064        0.0001210455
    54966.4114276929        1.0001136176        0.0001204933
    54966.4318622038        1.0001116824        0.0001210113
    54966.4522967146        0.9990318841        0.0001217590
    54966.4727311255        0.9941338558        0.0001207851
    54966.4931657363        0.9932552291        0.0001209501
    54966.5136002471        0.9929740448        0.0001211157
    54966.5340346579        0.9925057620        0.0001215446
    54966.5544692687        0.9924524140        0.0001214065
    54966.5749037795        0.9929314473        0.0001212367
    54966.5953381903        0.9932503939        0.0001214369
    54966.6157727010        0.9939330105        0.0001219046
    54966.6362073117        0.9981255895        0.0001205931
    54966.6566418224        1.0001853058        0.0001215179
    54966.6770762331        0.9999839826        0.0001217573
    54966.6975108438        1.0000141765        0.0001208971
    54966.7179453544        1.0000458251        0.0001216900
    54966.7383797650        0.9998791695        0.0001217917
    54966.7588142757        1.0001289402        0.0001216396
    54966.7792488863        1.0000259542        0.0001206574
    54966.7996832968        0.9999411796        0.0001211079
       -1.0000000000       -1.0000000000       -1.0000000000
    54969.8444247168        1.0000400926        0.0001221636
    54969.8648592235        1.0000368959        0.0001219114
    54969.8852936302        0.9999433522        0.0001214750
    54969.9057282369        1.0001016814        0.0001222247
    54969.9261627436        0.9999980108        0.0001221359
    54969.9465971502        0.9999658216        0.0001217887
    54969.9670317568        1.0002489047        0.0001221945
    54969.9874662634        1.0000939102        0.0001199128
    54970.0079006699        0.9972027688        0.0001217425
    54970.0283351764        0.9936738482        0.0001211660
    54970.0487697829        0.9928490976        0.0001218239
    54970.0692041893        0.9927719084        0.0001216846
    54970.0896386957        0.9928076385        0.0001222240
    54970.1100733020        0.9928556614        0.0001215508
    54970.1305077084        0.9928290325        0.0001223497
    54970.1509422146        0.9931787921        0.0001214534
    54970.1713767209        0.9948936023        0.0001218418
    54970.1918113271        0.9996260286        0.0001210525
    54970.2122457333        0.9999434289        0.0001214417
    54970.2326802394        1.0000936613        0.0001214781
    54970.2531146456        1.0001487180        0.0001217692
    54970.2735492517        0.9999815979        0.0001212406
    54970.2939837577        0.9998693290        0.0001211475
    54970.3144181637        0.9999187940        0.0001217639
    54970.3348527697        1.0001933952        0.0001215868
       -1.0000000000       -1.0000000000       -1.0000000000
    54973.4000278103        0.9998810954        0.0001221408
    54973.4204622098        1.0000058059        0.0001221490
    54973.4408967093        1.0000813300        0.0001216794
    54973.4613313087        0.9999535594        0.0001220228
    54973.4817657081        1.0000606083        0.0001215879
    54973.5022002074        0.9998957077        0.0001206282
    54973.5226346067        0.9999279937        0.0001211919
    54973.5430692059        0.9999278293        0.0001216782
    54973.5635037051        0.9955197055        0.0001215533
    54973.5839382042        0.9936095421        0.0001216848
    54973.6043727032        0.9930335913        0.0001208050
    54973.6248072023        0.9928049715        0.0001211644
    54973.6452417012        0.9925637892        0.0001216219
    54973.6656761001        0.9927244448        0.0001212260
    54973.6861106990        0.9928991615        0.0001217960
    54973.7065451978        0.9935365290        0.0001214160
    54973.7269795966        0.9963956118        0.0001215744
    54973.7474141953        1.0001201533        0.0001214560
    54973.7678486939        1.0000556107        0.0001218154
    54973.7882830925        1.0000420026        0.0001214875
    54973.8087175911        0.9999773486        0.0001210537
    54973.8291521896        0.9999963744        0.0001209088
    54973.8495866880        0.9999983446        0.0001215368
    54973.8700210864        0.9999536471        0.0001222394
    54973.8904555847        1.0002611172        0.0001217152
       -1.0000000000       -1.0000000000       -1.0000000000
    54976.9556292860        0.9999972663        0.0001215800
    54976.9760637753        0.9998498605        0.0001214907
    54976.9964981645        1.0001987823        0.0001215865
    54977.0169326537        1.0000855570        0.0001213952
    54977.0373672428        0.9998795809        0.0001209385
    54977.0578017318        0.9999172680        0.0001212486
    54977.0782361208        1.0000421892        0.0001211641
    54977.0986707097        0.9985881797        0.0001211157
    54977.1191051985        0.9942785053        0.0001213695
    54977.1395395873        0.9930172528        0.0001214080
    54977.1599740760        0.9926696924        0.0001215583
    54977.1804086646        0.9926101310        0.0001215940
    54977.2008430532        0.9926962610        0.0001216358
    54977.2212775416        0.9924734996        0.0001205320
    54977.2417121301        0.9931029830        0.0001211361
    54977.2621465184        0.9940563100        0.0001218152
    54977.2825810067        0.9984345556        0.0001214441
    54977.3030154949        1.0000831415        0.0001215761
    54977.3234499831        1.0002533314        0.0001213138
    54977.3438844711        0.9999455679        0.0001210106
    54977.3643189591        1.0002215022        0.0001215322
    54977.3847533471        0.9998445977        0.0001212996
    54977.4051879350        1.0001286262        0.0001212108
    54977.4256224228        0.9999934527        0.0001217237
    54977.4460568105        1.0000066294        0.0001217257
       -1.0000000000       -1.0000000000       -1.0000000000
    54980.4907942535        0.9999444434        0.0001215657
    54980.5112287297        1.0001641107        0.0001212792
    54980.5316633059        1.0000555393        0.0001210131
    54980.5520976820        1.0001004382        0.0001217364
    54980.5725321580        0.9997816747        0.0001214803
    54980.5929667339        0.9998793115        0.0001214754
    54980.6134011097        0.9997748481        0.0001210466
    54980.6338355854        1.0000017777        0.0001207313
    54980.6542699611        0.9970499732        0.0001211267
    54980.6747045367        0.9936764617        0.0001207200
    54980.6951390122        0.9929270785        0.0001198613
    54980.7155733875        0.9928038311        0.0001210314
    54980.7360079629        0.9925375829        0.0001207715
    54980.7564424381        0.9927985909        0.0001208739
    54980.7768769132        0.9929717671        0.0001212239
    54980.7973112883        0.9933276527        0.0001209294
    54980.8177458632        0.9949706307        0.0001214013
    54980.8381803382        0.9999418415        0.0001215137
    54980.8586147130        1.0000840857        0.0001215588
    54980.8790491877        0.9999995791        0.0001215661
    54980.8994837623        1.0001445171        0.0001212518
    54980.9199181369        1.0001492164        0.0001216378
    54980.9403526113        1.0000215943        0.0001218362
    54980.9607871857        0.9999033323        0.0001215106
    54980.9812215600        0.9998993015        0.0001218375
       -1.0000000000       -1.0000000000       -1.0000000000
    54984.0463912764        0.9999878320        0.0001205998
    54984.0668256366        0.9998558558        0.0001214870
    54984.0872601967        1.0000411376        0.0001212659
    54984.1076946568        0.9998315249        0.0001216280
    54984.1281290167        1.0001519928        0.0001210800
    54984.1485634765        0.9999880792        0.0001214529
    54984.1689980363        1.0000301382        0.0001208657
    54984.1894323959        1.0000763539        0.0001197037
    54984.2098668554        0.9951086985        0.0001209707
    54984.2303014149        0.9933641415        0.0001205270
    54984.2507358743        0.9928726796        0.0001212449
    54984.2711702335        0.9928403161        0.0001212860
    54984.2916046926        0.9927861714        0.0001216900
    54984.3120392516        0.9927564481        0.0001209994
    54984.3324736105        0.9930599693        0.0001205869
    54984.3529080694        0.9938292449        0.0001203067
    54984.3733426281        0.9968701979        0.0001207447
    54984.3937769867        1.0000717196        0.0001196559
    54984.4142114453        1.0000935072        0.0001199830
    54984.4346459036        0.9999545505        0.0001196228
    54984.4550803620        0.9998354930        0.0001199665
    54984.4755148202        1.0000191107        0.0001196249
    54984.4959492783        0.9999258020        0.0001203868
    54984.5163837363        1.0000879569        0.0001199369
    54984.5368181943        1.0000841994        0.0001206064
       -1.0000000000       -1.0000000000       -1.0000000000
    54987.6019851703        1.0001382175        0.0001213593
    54987.6224196116        0.9998047079        0.0001217569
    54987.6428540530        1.0000538332        0.0001217721
    54987.6632884942        0.9999461861        0.0001216080
    54987.6837229353        1.0000096333        0.0001211645
    54987.7041573762        1.0001286407        0.0001216694
    54987.7245919170        1.0001172922        0.0001217859
    54987.7450262578        0.9984411283        0.0001216129
    54987.7654606983        0.9940836487        0.0001217216
    54987.7858951388        0.9932119657        0.0001219481
    54987.8063295792        0.9925439320        0.0001215280
    54987.8267640195        0.9926912474        0.0001213872
    54987.8471983596        0.9925999848        0.0001214093
    54987.8676328996        0.9928539553        0.0001212877
    54987.8880673395        0.9930853666        0.0001210901
    54987.9085017794        0.9941892008        0.0001207678
    54987.9289362190        0.9988336281        0.0001205653
    54987.9493706585        1.0000422279        0.0001206944
    54987.9698050980        0.9999888773        0.0001206959
    54987.9902395373        0.9998771699        0.0001208396
    54988.0106738765        0.9998921856        0.0001211665
    54988.0311084156        1.0002895338        0.0001203137
    54988.0515428545        1.0000324488        0.0001214957
    54988.0719771934        0.9999795668        0.0001212624
    54988.0924117320        0.9999252320        0.0001216160
       -1.0000000000       -1.0000000000       -1.0000000000
    54991.1371411314        0.9997958904        0.0001211957
    54991.1575756514        1.0000171521        0.0001215787
    54991.1780100712        0.9999542666        0.0001207487
    54991.1984443910        0.9999722052        0.0001209466
    54991.2188788105        1.0000898971        0.0001206787
    54991.2393133300        1.0000394757        0.0001214229
    54991.2801820685        1.0000133643        0.0001204785
    54991.3006165876        0.9965990360        0.0001208869
    54991.3210510065        0.9933716817        0.0001211618
    54991.3414853254        0.9930463491        0.0001211116
    54991.3619197440        0.9928329582        0.0001204212
    54991.3823542625        0.9927930370        0.0001195511
    54991.4027886809        0.9926298178        0.0001204731
    54991.4232229992        0.9927758809        0.0001203755
    54991.4436574174        0.9934153802        0.0001203803
    54991.4640919353        0.9948600387        0.0001211618
    54991.4845262532        0.9998231157        0.0001207094
    54991.5049606709        1.0000121891        0.0001211161
    54991.5253951885        1.0001000048        0.0001215959
    54991.5458295060        0.9999799913        0.0001215915
    54991.5662639233        1.0001046764        0.0001214737
    54991.5866983406        0.9999593066        0.0001217451
    54991.6071327576        0.9999328728        0.0001217287
    54991.6275671746        1.0001865337        0.0001214324
       -1.0000000000       -1.0000000000       -1.0000000000
    54994.6927276522        0.9998511697        0.0001208865
    54994.7131620480        1.0000265804        0.0001211085
    54994.7335965436        1.0000876342        0.0001206851
    54994.7540308391        0.9999490182        0.0001201489
    54994.7744652344        0.9999223660        0.0001212065
    54994.7948996297        0.9999958206        0.0001208953
    54994.8153340247        1.0000418532        0.0001213637
    54994.8357684196        0.9997531159        0.0001208737
    54994.8562028143        0.9947039630        0.0001209402
    54994.8766373089        0.9929809846        0.0001200137
    54994.8970716033        0.9921837236        0.0001034456
    54994.9175059976        0.9926734491        0.0001202443
    54994.9379402918        0.9924114128        0.0001201158
    54994.9583747857        0.9924658409        0.0001209677
    54994.9788091795        0.9926582766        0.0001201860
    54994.9992435733        0.9934455934        0.0001196747
    54995.0196779669        0.9969034757        0.0001201516
    54995.0401123602        0.9998630780        0.0001198970
    54995.0605467535        0.9997577992        0.0001201975
    54995.0809810466        1.0000418369        0.0001199489
    54995.1014155395        1.0000471077        0.0001206336
    54995.1218499324        0.9999661669        0.0001206779
    54995.1422842251        0.9999915386        0.0001204123
    54995.1627187175        0.9998860770        0.0001210119
    54995.1831531100        0.9999763035        0.0001203750
